1	
56831437	
2	
1	
0	
1	
1	
1	
2	
1	
2	
2	
1	
1	
0	
0	
1	
2	
0	
1	
0	
1	
2	
1	
0	
2	
1	
1	
1	
2	
1	
0	
1	
1	
1	
1	
0	
1	
2	
1	
2	
0	
2	
2	
1	
1	
2	
0	
2	
0	
2	
0	
2	
0	
1	
2	
0	
2	
0	
1	
2	
0	
0	
0	
1	
0	
1	
2	
2	
0	
1	
0	
0	
1	
2	
2	
2	
1	
2	
0	
1	
2	
1	
2	
0	
2	
1	
0	
1	
1	
1	
0	
1	
0	
2	
0	
0	
2	
1	
1	
2	
0	
0	
1	
2	
1	
1	
0	
0	
0	
2	
2	
1	
2	
0	
1	
0	
1	
0	
1	
0	
0	
0	
0	
1	
1	
1	
1	
2	
1	
0	
2	
0	
2	
2	
2	
0	
1	
1	
2	
1	
1	
1	
1	
1	
2	
2	
2	
2	
0	
1	
1	
2	
1	
2	
2	
2	
0	
2	
1	
2	
1	
2	
1	
2	
0	
1	
2	
7	
97291410	70751051	115389229	62173584	97378748	2324572	6744954	
0	2	1	2	2	0	2	
0	0	1	2	0	2	1	
1	2	2	1	2	2	1	
2	0	0	2	1	0	2	
0	1	2	2	2	1	0	
0	0	0	2	1	0	0	
0	1	2	2	1	0	2	
1	1	0	2	1	2	2	
1	0	2	2	0	1	0	
0	1	1	2	2	1	2	
0	0	0	1	2	0	0	
1	0	0	2	0	0	0	
1	0	2	2	1	1	0	
2	2	2	1	1	0	2	
1	2	0	2	0	2	0	
0	0	1	2	1	1	0	
2	1	1	0	1	0	2	
0	0	1	0	1	0	2	
2	1	2	1	1	2	1	
1	1	0	1	2	1	1	
2	2	0	0	1	2	1	
2	2	0	2	0	1	1	
1	2	1	2	2	1	0	
0	2	1	0	0	1	0	
2	0	0	1	2	1	1	
2	2	0	1	1	1	1	
0	0	2	2	1	2	1	
1	2	0	1	2	1	0	
1	2	1	1	2	1	0	
1	1	1	0	1	2	0	
1	2	2	2	1	0	1	
1	2	2	1	2	2	1	
1	2	0	2	1	2	2	
2	1	0	2	1	0	2	
1	0	0	0	0	1	1	
0	2	1	1	0	2	2	
1	0	0	2	2	1	2	
2	1	2	2	0	1	1	
2	0	2	2	0	0	1	
0	0	1	1	1	2	1	
0	0	1	0	0	2	1	
2	2	2	1	1	2	0	
1	2	2	0	2	1	2	
1	1	0	0	1	0	0	
2	2	1	0	2	2	0	
0	2	1	2	2	2	2	
2	2	1	1	2	1	1	
1	1	0	0	0	2	0	
0	0	0	0	1	0	0	
1	2	1	2	1	1	2	
0	2	0	1	1	0	2	
0	0	1	2	1	2	2	
0	2	1	1	0	1	0	
2	0	1	1	1	2	1	
1	2	1	0	0	2	0	
1	0	1	1	0	2	2	
2	2	1	2	2	2	0	
1	2	0	0	1	0	0	
1	1	1	2	2	0	1	
0	1	0	0	2	0	0	
1	2	2	2	1	0	2	
0	2	2	2	1	2	1	
2	2	1	0	1	1	0	
1	1	0	0	2	2	0	
2	0	0	0	1	0	1	
1	0	2	1	0	2	1	
0	2	2	2	0	2	0	
2	0	0	2	2	0	2	
2	1	0	2	0	0	2	
1	1	0	2	1	2	1	
0	2	2	2	2	1	1	
1	0	1	2	1	1	1	
0	0	0	0	1	0	0	
2	1	2	1	2	1	0	
1	0	2	0	1	1	0	
2	1	0	1	1	2	1	
1	2	0	0	0	2	0	
1	0	1	1	2	0	1	
1	2	0	2	0	1	0	
0	2	2	2	1	2	0	
2	2	0	1	2	1	1	
2	1	1	2	0	0	2	
1	0	2	2	0	0	0	
1	0	2	0	0	2	1	
0	0	0	2	1	2	0	
2	1	2	0	2	0	2	
0	2	2	2	1	2	0	
1	2	1	0	0	0	0	
1	0	2	1	1	0	2	
2	0	2	1	0	1	2	
2	2	0	1	2	2	1	
0	0	2	0	1	2	1	
0	0	2	1	1	0	0	
0	2	2	1	0	2	2	
2	1	1	1	0	1	2	
1	0	1	1	0	2	0	
2	0	1	2	2	1	0	
1	1	0	1	2	0	2	
0	1	0	1	1	1	2	
2	2	1	1	1	1	2	
0	0	1	2	2	2	0	
1	1	2	0	1	0	2	
2	2	2	1	0	2	1	
0	0	0	2	0	1	0	
2	1	0	0	0	1	1	
2	0	2	2	1	1	2	
2	0	2	1	2	0	2	
1	0	0	0	1	0	1	
2	1	1	2	0	1	2	
1	2	2	1	0	0	1	
0	1	2	2	2	2	0	
0	0	2	0	1	1	2	
0	1	2	2	2	1	0	
1	1	1	0	2	0	0	
1	1	1	0	0	0	1	
2	1	1	1	1	1	0	
0	0	0	0	0	1	1	
1	2	2	0	1	2	1	
1	0	0	2	2	1	1	
2	1	2	1	1	1	2	
1	1	2	0	0	1	0	
0	1	0	0	1	1	2	
2	2	2	2	2	1	2	
0	2	1	1	2	2	0	
1	2	0	0	0	1	1	
0	0	1	0	2	0	2	
2	0	0	2	1	2	1	
2	0	1	2	2	2	2	
0	0	0	1	0	0	0	
1	2	0	1	2	2	2	
1	2	0	0	0	0	2	
0	1	0	1	2	1	1	
2	2	1	2	0	1	2	
2	0	0	1	2	2	1	
2	2	1	2	1	0	2	
2	0	2	2	0	2	2	
0	0	2	1	1	2	0	
2	0	1	1	1	1	1	
1	0	2	1	1	1	0	
1	2	2	2	2	2	2	
0	0	0	2	1	1	2	
2	1	2	0	1	1	0	
2	0	0	1	0	0	0	
1	1	1	2	2	0	0	
1	0	0	2	2	1	0	
0	1	2	2	0	1	0	
2	0	1	2	2	0	2	
0	0	1	0	1	0	2	
2	1	2	2	2	2	1	
1	1	2	0	1	2	1	
2	0	0	1	1	0	2	
2	2	0	2	1	2	0	
2	2	0	2	2	2	0	
1	1	2	2	1	0	0	
2	2	1	2	0	1	2	
1	2	2	0	0	1	0	
2	0	1	1	2	1	1	
0	0	1	1	0	2	2	
0	1	2	0	2	1	2	
1	1	1	0	1	1	2	
0	1	1	2	1	0	0	
1	0	1	2	1	1	2	
2	1	1	0	1	2	0	
2	2	1	0	0	2	2	
1	1	2	0	1	0	0	
2	0	1	1	1	1	1	
2	0	0	1	1	2	0	
1	2	0	2	2	1	1	
1	2	2	2	2	2	0	
0	0	2	2	0	0	0	
1	0	0	1	1	1	1	
1	2	1	1	1	1	1	
0	0	1	1	2	1	2	
1	0	0	2	0	1	0	
1	1	2	1	0	1	2	
2	0	0	1	1	1	1	
0	1	0	0	0	2	2	
1	1	1	0	0	1	1	
0	2	1	2	0	2	1	
0	2	2	1	1	2	1	
0	2	2	0	1	0	1	
2	1	0	0	2	0	0	
1	1	0	0	2	2	0	
1	2	2	2	0	1	0	
2	0	1	1	2	0	1	
1	1	2	0	0	2	1	
1	0	1	0	1	2	2	
2	0	0	0	0	0	1	
0	0	2	2	2	0	1	
1	1	2	2	0	1	1	
0	0	2	2	0	2	1	
2	2	1	2	0	1	0	
2	2	1	2	0	2	2	
0	1	0	1	0	1	0	
0	2	0	1	1	0	2	
2	2	1	1	1	1	0	
1	1	1	1	2	2	2	
0	1	1	1	2	2	1	
1	0	2	1	2	1	1	
1	0	0	1	1	1	1	
0	0	0	1	0	0	1	
1	0	0	1	1	1	2	
1	1	2	1	0	2	1	
2	1	1	1	0	1	1	
1	1	1	2	2	1	2	
2	2	1	2	2	2	0	
2	1	1	2	1	1	0	
0	0	1	2	0	2	2	
0	0	1	1	0	2	1	
0	1	0	2	2	1	2	
1	1	1	2	0	2	1	
0	2	2	0	0	1	2	
2	1	1	2	0	2	1	
1	1	2	1	0	2	0	
0	1	0	0	2	1	0	
0	2	0	1	0	1	2	
2	2	1	0	0	1	0	
2	0	0	2	1	0	2	
0	2	0	1	2	1	0	
0	1	2	0	2	0	1	
2	2	2	2	2	2	0	
2	2	2	0	1	1	0	
1	1	1	1	2	1	0	
1	1	1	0	0	0	2	
2	2	2	2	2	2	2	
1	0	2	0	0	2	2	
1	0	2	2	1	2	1	
0	2	1	0	2	2	0	
0	2	0	1	0	0	2	
0	0	1	1	2	1	2	
1	2	0	0	0	1	1	
1	2	0	2	0	1	1	
2	0	0	1	2	1	0	
1	2	1	1	2	0	0	
1	0	1	0	0	1	2	
2	1	0	2	1	0	2	
1	0	1	0	0	0	2	
1	2	2	0	0	2	2	
1	2	2	2	1	2	1	
0	2	0	2	1	2	2	
1	0	0	0	1	2	0	
0	0	0	2	2	0	2	
1	1	2	2	0	1	2	
2	2	2	1	0	2	0	
0	0	0	2	1	2	1	
2	1	1	0	2	0	1	
2	2	2	0	2	0	1	
0	2	2	2	0	0	0	
0	2	0	1	0	0	1	
1	1	1	2	1	2	0	
1	0	2	2	0	1	1	
0	2	2	2	2	1	1	
0	0	0	2	0	0	1	
1	0	0	0	1	1	1	
2	0	1	1	0	2	0	
0	0	2	0	1	1	2	
2	1	1	1	0	2	0	
0	1	0	1	2	1	1	
1	0	0	2	0	2	1	
0	1	1	2	0	2	2	
1	2	2	0	0	2	2	
1	0	2	2	2	1	0	
2	2	0	1	0	1	0	
0	0	1	0	2	0	0	
0	2	1	1	0	1	2	
1	0	1	2	0	0	2	
0	1	0	2	0	0	1	
1	2	2	1	0	1	0	
0	1	0	1	0	1	0	
2	2	0	0	0	0	1	
2	0	1	0	1	1	1	
1	0	1	0	1	2	0	
2	2	2	1	0	0	1	
2	1	1	2	2	2	0	
0	2	1	0	2	0	0	
2	1	0	0	0	0	2	
1	2	0	0	0	2	0	
0	1	2	0	1	1	0	
0	0	2	1	0	0	1	
1	1	2	0	0	0	1	
1	1	1	1	1	0	2	
1	1	2	2	0	1	0	
2	1	1	1	0	0	2	
0	0	0	1	2	0	2	
0	0	2	0	0	2	2	
0	1	1	2	2	1	2	
1	2	2	2	2	0	0	
0	2	1	0	0	0	2	
1	0	1	2	0	2	0	
0	2	0	1	0	1	1	
1	2	2	0	1	0	2	
1	2	0	1	0	2	2	
2	1	1	0	1	1	2	
0	2	2	1	0	0	2	
2	0	0	0	2	2	1	
1	1	2	1	2	0	1	
0	0	1	1	0	0	0	
0	2	0	2	0	1	0	
0	0	0	0	1	2	0	
1	1	2	2	0	2	1	
1	1	2	2	2	1	0	
1	1	0	0	2	0	0	
2	2	2	2	2	0	2	
2	0	1	1	0	2	0	
1	1	0	2	0	1	0	
1	1	0	0	1	2	1	
2	1	2	1	1	0	1	
0	0	2	1	1	1	2	
1	2	2	0	2	2	0	
0	0	2	1	1	0	0	
0	1	2	2	2	0	1	
0	1	0	2	2	1	2	
0	1	2	1	1	1	0	
0	0	1	1	1	0	0	
2	2	0	0	2	1	2	
0	1	0	0	1	2	0	
1	0	0	0	0	1	0	
2	1	0	0	1	1	1	
1	0	0	1	2	0	1	
2	2	1	1	0	0	0	
0	2	0	0	2	1	2	
2	2	1	0	2	1	0	
1	1	0	0	0	2	0	
2	1	1	0	0	2	2	
0	1	2	1	1	2	1	
2	1	2	1	0	0	1	
2	1	1	2	2	0	0	
2	1	0	0	1	0	2	
0	1	0	0	0	0	2	
2	1	0	1	0	0	1	
1	2	0	1	2	0	2	
2	0	2	0	1	1	2	
2	0	2	1	2	1	2	
2	1	1	2	2	2	2	
2	2	1	0	2	2	2	
0	1	1	1	0	1	2	
2	1	2	2	0	1	0	
1	1	2	1	0	2	0	
2	0	1	2	0	0	0	
0	0	2	2	1	0	2	
2	0	2	1	0	1	1	
0	0	0	0	1	0	1	
2	2	2	0	1	2	2	
2	0	2	2	1	2	0	
0	2	2	2	1	1	1	
2	1	2	2	1	1	1	
1	1	1	2	2	2	0	
1	2	1	0	2	2	1	
1	1	0	0	2	2	1	
2	2	0	0	0	1	0	
2	2	0	2	1	1	1	
2	1	0	2	1	2	2	
1	0	0	0	0	1	2	
1	1	2	2	1	1	1	
2	1	0	1	1	0	0	
0	0	1	0	1	1	0	
2	1	0	2	1	1	1	
2	0	1	0	1	2	2	
1	1	0	0	0	0	2	
1	0	1	0	0	1	2	
1	2	2	2	2	2	0	
2	1	0	0	0	2	0	
1	2	0	0	1	1	2	
1	0	2	2	2	1	1	
1	0	1	0	2	1	1	
0	2	2	1	0	2	2	
1	1	2	0	2	1	0	
1	2	0	0	0	1	1	
1	2	0	0	0	2	0	
1	2	1	1	2	1	1	
0	2	1	0	0	2	0	
0	1	1	1	1	2	2	
2	2	2	0	1	1	1	
2	0	2	1	2	1	0	
1	2	2	2	0	0	2	
0	1	1	1	2	0	2	
2	1	0	2	2	0	1	
2	1	0	0	1	0	2	
1	0	1	2	2	2	1	
2	2	2	1	0	0	2	
1	2	2	0	1	0	1	
2	2	0	2	1	0	2	
0	1	0	1	2	1	0	
0	0	2	1	2	0	2	
0	0	2	0	2	0	0	
0	1	2	0	0	1	0	
2	0	1	1	2	0	0	
0	0	2	2	1	1	0	
2	0	0	1	2	0	1	
1	1	0	0	2	2	1	
0	0	0	2	1	2	1	
1	2	1	1	0	0	1	
1	2	0	0	1	0	1	
1	2	0	0	1	2	0	
1	1	0	1	0	0	2	
1	1	2	2	0	1	1	
1	2	0	0	1	2	0	
1	0	1	0	1	0	2	
1	1	2	2	0	1	1	
2	2	1	0	0	1	0	
2	0	2	2	2	2	0	
0	0	0	2	1	0	2	
0	2	1	2	1	2	2	
1	0	2	1	1	0	2	
1	1	2	1	0	2	1	
1	1	0	0	1	2	2	
1	0	0	1	2	2	2	
1	1	2	2	0	0	1	
0	0	1	2	1	2	0	
1	2	2	0	0	1	2	
1	0	1	2	1	1	0	
2	1	1	2	2	1	0	
0	2	0	2	2	2	0	
1	1	0	2	2	2	1	
0	1	1	1	2	0	1	
0	0	1	0	1	0	2	
1	0	1	0	1	1	0	
0	2	1	2	0	2	1	
0	1	2	1	2	0	0	
2	1	1	0	2	0	1	
0	0	1	2	0	1	0	
2	1	2	2	0	1	1	
1	0	1	2	2	1	0	
1	2	1	2	0	2	1	
0	1	0	2	2	2	2	
2	0	2	0	1	1	1	
1	2	1	0	2	0	0	
1	0	2	1	2	1	0	
0	1	0	0	0	2	0	
1	2	2	0	2	2	1	
2	0	2	2	1	1	1	
2	2	2	2	0	1	0	
2	0	0	2	1	1	0	
2	0	1	2	1	0	0	
2	1	2	0	2	0	0	
1	0	2	1	0	0	0	
2	2	1	2	1	0	2	
1	1	0	1	1	2	0	
0	0	2	2	0	0	0	
1	0	0	1	0	2	0	
0	0	1	2	2	0	2	
2	0	0	0	0	0	1	
0	0	1	0	1	1	0	
0	2	1	0	1	0	1	
1	1	2	2	0	2	0	
2	0	2	1	1	0	2	
0	2	1	0	0	1	1	
2	1	0	2	2	1	0	
1	0	0	0	1	1	0	
2	0	2	2	2	2	0	
0	2	2	2	1	1	1	
2	0	2	1	2	0	0	
2	0	2	0	0	0	0	
2	0	2	0	0	1	2	
1	0	1	0	1	2	0	
1	1	1	1	0	0	0	
0	2	0	1	0	0	1	
0	0	1	1	1	2	1	
1	2	0	0	2	2	0	
2	0	0	2	2	1	2	
0	0	2	2	0	0	2	
2	2	0	1	0	0	1	
0	1	0	0	1	1	0	
1	0	0	0	2	1	1	
1	0	1	1	0	0	0	
2	1	2	2	0	1	1	
2	0	1	2	0	1	2	
1	2	1	0	0	1	0	
2	1	1	0	1	0	2	
2	2	1	1	0	2	2	
2	0	1	1	0	0	0	
2	2	1	0	2	0	2	
0	1	2	2	2	1	0	
0	1	2	1	0	0	1	
0	2	2	2	1	0	2	
1	2	2	1	2	1	0	
2	0	1	0	1	2	1	
1	2	1	0	1	2	0	
0	0	0	0	2	0	0	
1	1	1	0	0	2	0	
0	2	1	2	2	1	2	
0	0	1	2	0	0	2	
0	2	0	0	0	0	1	
0	1	2	2	2	2	1	
1	1	1	2	2	0	1	
2	2	2	2	1	1	1	
2	0	0	1	0	0	0	
1	0	1	2	1	2	2	
2	0	1	0	2	2	2	
1	0	2	1	2	2	0	
2	1	1	1	2	2	1	
1	0	1	2	1	2	1	
0	1	2	1	1	1	0	
0	0	1	1	2	0	1	
0	2	1	0	1	0	0	
2	0	2	1	2	1	0	
0	0	1	0	1	1	2	
2	1	0	2	0	1	2	
0	2	2	0	0	1	2	
2	0	0	0	1	0	1	
1	0	2	2	1	1	0	
2	1	2	1	2	2	2	
1	0	1	2	2	2	1	
0	1	1	1	0	1	0	
1	2	1	1	1	0	1	
0	1	1	1	2	0	0	
0	1	2	1	0	0	2	
2	2	1	2	2	1	1	
1	2	2	1	1	0	0	
2	1	0	1	2	1	2	
2	2	0	1	0	1	1	
0	0	0	1	2	2	0	
0	0	2	2	1	0	2	
0	1	2	0	2	0	2	
2	0	0	1	0	0	0	
0	2	2	1	0	2	1	
1	1	2	0	1	0	1	
0	0	2	0	0	0	0	
0	0	2	2	0	1	2	
1	2	2	1	1	0	0	
1	0	0	2	0	2	2	
2	1	0	2	2	1	1	
1	2	0	0	0	0	1	
1	0	2	0	1	1	0	
0	1	1	1	2	0	0	
0	1	1	2	1	1	2	
1	0	0	2	2	2	0	
0	2	2	1	1	1	1	
0	0	2	2	1	2	1	
1	1	0	0	1	0	1	
2	0	2	0	2	1	2	
2	0	2	1	2	2	1	
0	0	1	1	0	0	1	
2	1	2	0	1	1	0	
2	2	1	0	0	2	2	
2	0	0	1	0	2	1	
0	1	1	0	1	0	2	
2	2	1	1	1	2	2	
1	1	2	2	1	1	2	
2	0	2	2	0	2	2	
0	2	0	2	2	1	0	
0	2	1	2	2	1	2	
0	2	1	2	2	2	1	
2	1	0	1	2	1	0	
2	1	1	2	2	2	0	
2	0	2	1	2	1	1	
1	2	2	1	2	0	2	
1	2	0	2	2	1	0	
2	1	0	2	0	1	2	
2	0	0	2	2	0	0	
2	1	1	0	1	0	2	
2	2	2	2	0	1	2	
0	2	1	1	2	0	0	
2	2	1	1	2	1	0	
0	0	1	1	0	0	0	
2	2	2	1	1	1	1	
0	0	1	0	1	2	2	
1	2	0	2	2	1	0	
2	0	2	2	0	1	1	
2	0	0	0	0	2	2	
1	1	2	1	1	2	2	
2	1	0	1	0	1	0	
0	2	1	0	2	0	2	
0	0	2	0	0	0	0	
1	0	2	0	1	0	1	
0	1	2	1	2	1	2	
2	0	1	1	2	1	0	
0	0	1	0	2	2	2	
2	2	0	1	1	1	2	
2	0	1	1	2	2	2	
0	0	2	1	1	0	1	
1	2	2	1	2	1	0	
0	2	0	2	2	2	0	
2	1	0	1	0	0	1	
0	2	2	2	2	1	1	
1	0	2	1	2	0	0	
2	1	2	2	1	2	0	
2	0	1	0	0	2	0	
1	0	2	0	2	1	0	
1	2	2	0	1	1	0	
2	0	0	2	1	2	2	
1	1	0	0	0	2	0	
2	1	1	2	0	0	0	
2	0	2	1	2	2	2	
2	2	0	2	2	2	1	
1	0	2	0	2	1	0	
0	1	0	2	2	0	0	
1	2	0	1	1	1	1	
2	2	2	1	1	0	2	
2	2	1	0	0	2	2	
2	0	2	0	1	2	2	
2	0	1	1	1	2	1	
0	0	0	1	1	1	2	
2	0	1	0	1	0	2	
2	1	2	1	0	0	1	
0	0	0	2	2	1	0	
2	2	0	0	1	0	1	
0	1	0	2	2	1	1	
2	1	2	1	0	2	1	
2	0	2	2	1	1	2	
1	1	1	0	1	1	2	
0	0	0	0	1	2	0	
2	2	0	1	1	0	1	
1	0	2	0	0	1	0	
1	2	2	0	1	1	2	
0	0	1	1	0	2	2	
0	1	0	0	1	1	0	
0	1	1	2	0	1	1	
1	0	2	1	1	1	1	
2	2	1	2	1	1	2	
0	1	2	2	2	0	1	
0	2	0	1	0	2	2	
2	0	0	1	2	0	1	
2	1	1	2	1	2	0	
1	0	2	1	1	0	0	
1	1	2	1	2	0	1	
2	0	2	1	2	0	0	
2	1	0	0	2	2	0	
1	0	1	0	1	0	1	
0	2	1	0	0	2	0	
1	0	2	2	2	0	2	
2	0	0	2	1	1	2	
1	0	1	0	0	2	1	
1	2	2	2	1	2	1	
1	1	1	2	2	0	2	
2	2	0	0	0	0	1	
2	1	0	2	0	2	1	
2	2	2	2	1	2	1	
2	1	1	2	2	2	1	
2	0	0	1	1	2	1	
1	0	1	1	0	2	0	
0	1	0	2	2	2	2	
2	1	1	1	1	2	1	
1	2	1	2	2	2	2	
0	0	0	1	0	1	1	
1	1	0	0	2	0	2	
1	2	1	2	1	0	1	
1	2	0	0	2	0	1	
0	0	2	0	2	1	0	
1	1	0	1	1	2	0	
2	0	0	1	1	2	0	
1	1	1	1	0	1	0	
2	0	0	2	2	0	2	
2	1	0	2	1	0	0	
0	0	0	1	2	0	2	
1	0	1	2	0	0	0	
1	0	0	2	0	2	0	
2	1	0	2	1	2	1	
2	0	0	0	1	2	1	
2	2	2	2	2	1	1	
0	0	1	2	2	0	2	
0	2	0	0	2	2	1	
0	0	0	1	0	2	0	
2	2	2	0	0	1	2	
2	0	2	2	0	2	0	
2	0	1	1	1	0	0	
0	0	2	1	0	0	0	
1	1	1	1	0	1	2	
1	0	1	1	0	0	0	
0	1	2	0	0	2	2	
0	1	1	1	1	0	0	
0	1	0	0	2	0	0	
2	
80194860	27753945	
2	1	
4	
82286545	85022713	18911878	50761066	
0	2	2	1	
4	
52505069	86556784	70817017	85630801	
2	1	0	0	
2	2	1	2	
1	2	0	1	
1	2	2	0	
2	1	1	0	
2	0	0	2	
0	2	2	2	
1	0	0	2	
1	1	1	0	
2	1	2	2	
1	0	0	1	
1	0	0	2	
1	1	1	0	
2	1	2	1	
1	2	0	2	
0	0	1	0	
0	2	0	2	
0	2	1	0	
0	1	1	1	
2	2	0	1	
2	1	2	2	
2	1	0	0	
1	0	0	1	
1	1	0	0	
0	2	2	1	
2	0	1	2	
1	2	1	2	
0	1	2	1	
0	2	0	2	
1	2	1	2	
0	0	0	2	
1	0	0	2	
1	2	0	0	
1	0	2	0	
0	1	0	0	
2	0	1	2	
0	2	0	1	
2	2	1	1	
2	0	1	0	
2	0	2	2	
2	2	0	0	
0	0	1	2	
1	0	2	2	
0	1	0	0	
1	2	1	0	
0	0	0	2	
0	0	0	0	
2	2	1	2	
0	0	0	2	
2	2	1	0	
1	2	2	1	
1	0	2	0	
2	0	1	0	
2	0	2	1	
1	0	2	2	
2	2	2	0	
1	1	0	2	
2	0	0	0	
0	1	2	0	
1	1	2	2	
1	1	1	2	
1	2	0	0	
1	1	0	0	
2	2	2	0	
2	0	1	0	
1	1	2	0	
2	1	2	0	
0	1	2	0	
2	0	0	2	
1	2	2	1	
2	0	2	0	
1	0	1	1	
2	2	1	2	
0	0	0	2	
0	2	2	1	
2	2	0	2	
2	1	1	0	
1	2	2	1	
0	1	2	0	
1	2	1	2	
2	2	1	0	
2	0	1	2	
1	0	2	2	
2	0	0	2	
1	2	0	1	
2	0	1	0	
0	2	1	2	
0	1	2	2	
0	2	2	0	
2	2	1	2	
2	1	0	1	
2	0	1	0	
2	1	0	2	
0	0	1	1	
2	0	0	2	
0	2	2	1	
1	2	0	2	
1	2	0	2	
2	0	1	2	
2	1	1	1	
2	2	1	2	
0	1	2	1	
2	0	0	1	
2	0	1	2	
2	0	0	1	
1	1	1	0	
0	1	2	2	
0	1	2	1	
0	1	2	0	
0	2	2	0	
2	0	0	1	
0	2	2	2	
2	2	2	0	
2	0	2	2	
2	0	2	1	
2	1	2	2	
2	1	0	1	
1	0	1	1	
2	0	0	1	
1	0	0	1	
1	0	1	2	
1	0	1	0	
0	2	2	2	
0	0	2	1	
2	2	0	1	
1	2	2	0	
2	0	1	2	
0	2	0	1	
0	0	1	1	
0	0	1	2	
0	1	1	0	
0	1	1	0	
1	1	2	2	
2	2	1	0	
1	2	2	2	
1	2	2	2	
0	0	0	2	
1	2	0	0	
1	2	0	2	
1	1	0	1	
0	2	1	1	
0	0	2	2	
1	0	1	1	
0	2	2	1	
0	2	2	1	
1	1	0	0	
0	1	0	1	
0	1	2	1	
1	0	2	2	
2	0	0	1	
0	1	1	2	
0	0	1	0	
0	2	1	1	
0	0	2	0	
2	2	1	2	
0	2	0	1	
0	0	1	0	
2	0	0	0	
0	2	1	0	
1	2	2	2	
1	1	1	2	
2	1	2	2	
1	0	0	0	
1	1	1	0	
0	1	1	1	
1	1	0	1	
5	
30357818	101896857	21116945	42494779	29483813	
0	2	0	1	1	
7	
43575032	61017862	112397156	31976698	85963919	91637072	112779297	
2	0	1	2	2	2	1	
6	
64300740	33507591	52116345	111515348	46620681	105251051	
1	0	2	0	2	2	
8	
60878843	58777762	52671855	119765791	100799560	82741543	59079534	122851599	
0	2	2	2	0	0	1	0	
9	
75784600	81667152	93028526	2972800	31333634	58952459	21434629	14908202	28671903	
1	0	0	1	0	0	0	0	1	
0	0	1	0	1	0	0	2	2	
2	2	2	1	2	1	0	1	0	
0	0	1	1	2	1	2	1	0	
2	2	2	1	2	0	0	0	0	
2	2	1	2	0	0	0	0	0	
2	1	2	2	2	2	1	2	0	
1	1	2	1	2	0	2	2	2	
0	0	0	1	0	0	1	1	1	
0	2	1	2	0	1	1	0	0	
1	0	1	1	1	0	0	1	0	
2	0	1	2	2	2	1	0	0	
2	1	0	1	2	0	0	1	2	
2	1	0	1	1	2	1	1	0	
1	2	1	1	0	1	1	1	2	
1	1	2	2	2	2	2	0	1	
2	2	1	2	2	1	1	1	0	
2	0	1	0	1	0	1	2	2	
2	2	2	2	1	2	0	1	2	
1	2	0	2	2	0	0	0	1	
1	1	2	2	1	1	0	0	2	
0	1	0	0	2	0	0	1	2	
2	0	0	2	2	0	2	0	1	
1	1	1	0	2	1	1	0	1	
0	2	0	2	2	0	1	1	0	
1	0	2	2	0	1	2	2	0	
1	1	0	1	2	0	1	2	0	
0	2	0	0	2	2	1	2	2	
0	0	0	0	0	2	2	0	2	
0	2	0	1	2	0	1	0	0	
2	2	1	2	1	2	1	0	1	
1	2	0	2	2	0	2	2	0	
0	2	0	2	2	1	1	1	2	
1	2	1	1	1	1	1	2	1	
0	0	0	0	1	2	2	1	0	
0	0	0	0	0	2	1	2	1	
1	0	1	2	0	2	1	1	0	
0	2	2	1	0	2	1	2	0	
2	1	2	2	2	2	1	0	1	
1	1	2	0	2	1	2	0	1	
2	2	2	0	0	1	0	1	1	
1	2	2	0	2	1	0	0	2	
1	1	1	1	1	2	0	0	1	
2	0	0	2	0	1	1	1	1	
0	0	0	0	2	0	0	1	2	
1	1	2	1	0	2	1	2	1	
1	1	0	2	0	2	2	0	0	
1	0	2	0	1	0	2	2	1	
0	1	2	0	2	0	0	0	2	
1	2	0	2	2	1	2	0	2	
0	0	0	2	2	0	2	2	0	
2	1	2	0	0	2	2	0	1	
0	1	2	0	0	2	0	1	2	
0	2	1	1	1	1	1	1	2	
2	2	2	2	2	2	0	2	0	
1	2	1	1	1	1	0	0	0	
2	2	0	2	2	0	0	2	2	
2	2	2	2	0	2	1	0	1	
2	1	0	2	2	0	2	2	0	
2	0	0	1	2	0	0	2	2	
1	1	0	1	1	0	2	2	1	
0	2	2	2	2	2	0	2	1	
0	2	1	0	0	0	0	1	2	
2	0	0	0	2	1	0	0	1	
0	2	1	2	2	2	2	1	1	
2	0	2	0	0	1	2	1	1	
2	2	2	2	2	0	2	1	2	
0	2	1	1	1	0	2	1	0	
0	0	2	0	1	2	0	0	0	
0	2	1	2	0	0	2	1	1	
0	1	1	2	2	1	0	1	0	
2	1	0	1	1	1	2	0	1	
0	0	0	0	2	2	1	1	0	
2	0	2	2	0	2	0	0	1	
0	0	1	0	0	2	1	2	0	
1	0	1	1	1	1	2	1	0	
1	1	1	0	2	2	2	0	2	
2	0	0	1	2	2	2	1	0	
2	0	0	0	0	2	0	2	2	
1	2	2	1	1	0	1	2	2	
2	2	2	2	1	0	2	1	2	
1	0	1	2	1	2	0	1	2	
2	0	1	2	2	1	2	1	1	
0	1	0	1	0	2	2	1	2	
1	1	1	1	2	1	2	1	1	
2	0	0	2	0	2	1	2	2	
0	0	1	0	1	0	0	1	1	
2	0	1	2	2	1	2	2	2	
2	2	0	0	2	1	2	0	0	
1	2	2	1	0	1	1	2	0	
1	2	0	0	0	2	2	1	2	
1	2	1	1	1	1	0	2	0	
1	0	2	2	1	0	1	2	0	
1	2	1	2	2	2	0	1	2	
0	0	2	0	1	2	1	2	2	
1	2	2	0	0	0	0	2	1	
0	2	2	1	0	2	0	2	2	
0	1	2	0	0	0	1	1	1	
2	0	1	1	0	0	2	2	0	
2	1	1	1	1	0	0	0	1	
0	0	0	0	0	0	0	0	1	
2	0	0	0	2	2	0	2	2	
1	2	1	0	1	2	1	0	1	
1	1	1	2	2	2	1	0	2	
2	0	1	1	2	2	2	0	1	
2	2	0	2	2	2	1	2	1	
1	1	0	1	1	1	0	0	0	
2	0	1	0	2	1	2	2	0	
2	1	2	2	1	1	2	0	2	
0	0	1	2	1	2	2	1	0	
1	2	1	1	0	1	2	1	0	
2	0	0	1	2	1	0	1	1	
0	1	1	0	2	1	0	0	1	
2	1	0	2	1	0	1	0	0	
1	2	2	0	2	2	2	2	2	
1	1	2	2	2	2	0	1	0	
2	2	2	2	0	2	0	1	0	
2	1	2	1	1	1	1	2	2	
0	0	1	1	2	1	1	2	0	
2	2	0	2	0	0	0	0	2	
0	2	1	2	0	1	2	1	2	
0	1	1	0	1	0	1	1	2	
2	0	0	2	2	2	1	2	2	
2	2	1	0	1	0	2	1	0	
0	1	2	0	0	2	1	1	0	
0	0	1	2	2	1	2	2	0	
0	0	0	2	2	1	0	2	2	
2	0	0	2	0	2	1	1	2	
2	0	2	2	0	0	0	1	0	
2	2	2	1	2	2	0	0	2	
2	0	0	1	0	1	0	0	2	
2	2	2	1	1	1	1	2	0	
1	0	2	1	0	1	1	2	0	
2	0	1	1	1	1	1	1	2	
2	0	2	2	1	0	2	1	2	
0	2	0	2	1	2	1	0	2	
0	0	0	2	0	1	1	1	0	
0	2	1	0	0	1	1	1	0	
2	0	0	2	0	2	2	0	2	
0	0	0	1	2	1	2	1	1	
2	0	0	0	0	1	1	2	0	
2	0	0	0	2	0	2	1	1	
1	1	1	1	2	1	1	1	1	
1	2	0	2	1	2	0	2	2	
0	2	2	1	1	0	0	2	2	
2	0	0	0	1	1	1	2	2	
1	0	0	2	0	0	2	0	0	
1	2	2	0	2	1	2	0	0	
0	0	2	1	2	0	2	2	2	
2	2	2	0	0	2	1	0	1	
1	1	0	2	2	2	1	1	2	
2	1	0	1	2	0	2	1	0	
1	1	1	0	1	1	1	1	1	
1	2	0	0	1	1	2	0	0	
2	0	0	1	1	0	2	1	1	
1	2	0	0	2	2	0	0	1	
0	2	0	1	1	1	0	2	2	
1	2	1	1	0	0	2	1	1	
0	0	1	1	1	1	1	0	2	
2	2	0	2	0	2	0	0	2	
0	2	2	0	0	2	2	1	0	
1	2	2	1	0	0	2	1	2	
0	2	2	2	1	0	0	2	1	
1	2	2	1	1	1	0	1	1	
2	2	2	1	1	0	1	2	1	
1	0	2	0	0	1	2	1	2	
0	1	0	1	0	1	2	0	2	
1	0	2	1	0	1	2	2	0	
0	0	2	1	0	1	1	0	2	
1	2	1	0	1	0	2	2	1	
1	1	0	1	1	0	0	2	0	
2	1	2	2	2	0	2	1	0	
2	1	0	1	0	1	1	2	1	
0	0	1	1	2	2	0	1	0	
0	2	1	1	2	1	2	0	0	
1	1	1	2	1	2	1	2	2	
2	2	1	1	2	0	2	2	1	
1	2	2	1	1	2	1	2	2	
1	0	1	0	2	0	0	1	2	
1	0	1	0	1	1	1	2	0	
1	2	2	0	1	0	0	0	1	
1	2	0	1	1	2	0	2	0	
0	1	0	0	1	1	1	2	1	
2	1	1	1	1	0	2	0	1	
1	2	1	2	1	0	0	2	0	
1	0	2	2	2	2	1	2	2	
0	2	1	0	2	1	1	0	1	
1	2	0	2	2	2	1	2	1	
0	2	0	0	1	1	1	1	2	
1	2	2	0	0	0	2	2	0	
1	0	2	2	0	2	0	0	0	
0	0	0	0	0	1	2	1	1	
2	1	1	2	2	1	1	1	0	
0	2	0	2	0	0	0	0	0	
2	1	2	1	2	1	2	0	0	
1	2	2	2	2	1	0	1	0	
1	2	0	0	2	0	2	0	1	
2	0	1	0	2	1	1	2	0	
1	0	0	0	1	0	1	1	0	
1	2	2	1	0	0	2	0	0	
1	1	2	1	1	1	0	1	2	
0	1	0	2	2	2	0	0	1	
2	2	0	0	1	2	2	2	0	
0	1	1	0	0	2	2	2	2	
2	1	0	2	2	1	0	1	0	
1	0	1	0	1	1	0	1	1	
1	1	1	1	0	1	0	0	1	
0	0	1	0	0	0	1	1	2	
0	0	1	1	1	2	2	1	0	
2	0	0	0	2	1	2	2	2	
2	0	0	2	0	2	0	2	1	
2	0	0	0	2	1	1	2	1	
1	0	2	0	1	0	2	1	0	
2	0	2	2	0	1	1	2	1	
0	0	0	0	0	0	0	2	2	
0	1	1	2	0	1	2	0	1	
2	0	1	2	0	0	1	2	1	
0	0	2	1	1	2	0	2	1	
1	0	2	0	2	0	0	1	1	
2	0	1	2	1	2	1	2	0	
2	0	0	2	0	1	2	0	2	
1	2	2	2	2	2	0	2	1	
0	2	1	0	2	1	1	0	2	
2	1	1	0	0	2	0	0	1	
1	0	2	2	0	2	2	1	1	
2	2	2	1	2	1	1	1	0	
0	1	1	1	2	1	0	1	0	
2	2	2	2	2	0	2	2	2	
2	1	1	0	0	0	2	1	1	
4	
53984572	133730860	36911106	68063311	
2	2	1	2	
0	1	1	1	
2	1	1	2	
2	1	0	2	
0	2	1	1	
0	1	2	0	
2	1	1	1	
0	1	2	1	
1	1	1	1	
2	2	1	1	
1	0	1	1	
2	1	0	2	
2	0	1	2	
0	0	1	0	
1	0	2	0	
2	2	1	1	
1	2	1	0	
1	1	2	2	
0	1	0	2	
0	2	0	1	
0	1	0	2	
2	1	1	1	
1	0	0	1	
0	2	2	0	
1	1	2	1	
2	1	0	2	
0	0	1	2	
2	0	0	2	
2	1	1	1	
2	2	2	2	
0	2	2	2	
1	2	1	0	
0	2	1	2	
0	0	2	0	
1	2	2	0	
0	2	1	1	
1	2	2	2	
2	2	0	1	
0	0	1	1	
2	1	2	2	
2	2	2	0	
2	1	1	2	
0	1	2	2	
1	2	0	0	
0	0	2	2	
2	0	1	2	
0	0	2	1	
2	0	1	2	
2	1	2	2	
1	0	2	0	
2	0	0	1	
2	2	1	0	
1	0	0	1	
2	2	1	2	
2	1	1	0	
1	0	1	1	
2	0	0	2	
2	0	1	1	
0	0	0	1	
0	0	0	2	
1	2	0	1	
0	1	1	2	
1	2	2	0	
0	1	0	2	
0	0	2	2	
0	0	1	1	
2	1	0	0	
1	1	1	0	
1	1	2	0	
0	2	0	1	
1	1	0	0	
1	2	2	0	
2	2	1	1	
2	1	0	2	
2	1	0	2	
2	1	0	1	
1	0	2	1	
0	0	2	2	
1	2	0	2	
0	1	1	1	
2	1	2	0	
0	2	1	0	
1	0	2	0	
0	1	1	0	
2	1	0	2	
1	1	1	0	
2	2	1	2	
0	0	1	0	
2	1	1	1	
1	0	2	0	
0	2	2	1	
1	1	2	2	
2	2	2	2	
0	0	2	1	
2	1	1	0	
2	1	2	1	
1	1	2	1	
0	2	1	1	
0	0	2	1	
1	0	1	2	
2	1	1	1	
2	0	2	1	
0	1	2	1	
2	0	1	1	
2	0	2	1	
2	0	0	1	
2	0	1	1	
0	2	2	2	
1	1	1	0	
1	0	2	0	
2	0	2	2	
1	0	0	1	
2	0	2	2	
0	2	0	0	
2	0	2	2	
2	1	2	0	
1	0	2	2	
1	2	2	1	
1	2	2	2	
1	2	0	1	
2	0	2	1	
0	1	0	1	
0	1	2	1	
0	2	0	0	
0	1	1	2	
0	2	0	0	
0	2	0	2	
2	0	1	0	
1	2	2	2	
2	0	0	2	
2	1	0	0	
0	2	2	1	
1	0	1	0	
0	1	0	2	
0	0	0	1	
0	1	2	2	
2	0	1	1	
2	1	1	1	
1	0	2	1	
1	1	0	0	
1	2	2	0	
1	1	1	2	
0	0	1	1	
0	0	2	0	
2	0	2	1	
1	0	1	2	
1	0	1	2	
0	1	0	2	
0	1	0	2	
2	0	2	1	
1	0	1	0	
2	0	2	0	
2	0	2	0	
2	0	0	0	
1	2	2	0	
2	2	0	2	
0	2	0	1	
2	2	0	2	
1	0	0	1	
1	0	0	0	
0	0	0	2	
0	2	2	1	
0	2	1	0	
0	1	1	2	
1	1	2	2	
0	1	2	0	
0	1	1	0	
2	2	0	2	
1	2	2	0	
2	0	2	0	
1	0	2	2	
1	0	0	1	
1	1	2	2	
0	2	2	0	
2	2	1	2	
2	0	0	2	
2	0	2	1	
0	2	0	2	
0	2	2	0	
1	0	0	2	
2	0	0	0	
2	0	1	1	
2	1	0	2	
2	0	1	2	
2	1	2	0	
2	0	2	1	
0	1	1	1	
1	1	1	1	
2	0	0	1	
0	1	1	1	
0	0	2	0	
2	1	1	1	
1	0	0	1	
0	0	2	1	
1	1	1	1	
0	1	1	2	
0	0	0	0	
1	0	1	0	
1	2	0	2	
1	2	0	1	
0	1	1	2	
2	2	0	1	
2	0	2	2	
0	1	2	1	
0	2	0	0	
1	2	1	0	
2	1	1	1	
2	0	0	1	
1	0	0	1	
0	2	2	0	
2	2	0	2	
1	0	2	0	
2	1	1	2	
1	2	2	1	
1	1	2	2	
0	2	2	0	
0	0	0	1	
0	1	2	2	
1	2	2	1	
2	0	1	0	
2	2	2	0	
2	0	2	1	
1	2	0	1	
0	0	2	1	
1	0	0	2	
2	2	0	0	
1	2	2	1	
2	0	2	1	
1	1	0	1	
6	
106727730	24099616	128692905	125023535	131074171	10076385	
0	1	1	0	2	2	
2	1	2	0	1	1	
1	1	1	2	2	0	
0	1	2	1	0	2	
0	1	1	0	0	0	
0	1	2	1	1	0	
1	0	2	1	1	1	
0	1	1	0	1	1	
1	1	2	0	1	0	
2	1	0	2	2	0	
0	1	1	1	2	2	
2	1	0	0	2	1	
1	0	1	1	2	0	
1	2	2	1	2	1	
1	1	1	1	2	2	
1	0	2	0	1	2	
1	0	0	1	2	0	
1	1	2	1	0	1	
0	2	1	2	0	1	
2	2	2	1	0	0	
6	
24327344	41785642	43157432	75029407	69897619	69093050	
0	1	1	2	1	0	
1	1	1	0	0	0	
0	0	1	1	1	0	
1	2	0	1	1	0	
2	1	1	1	1	2	
2	2	2	1	1	1	
0	0	0	0	0	0	
1	1	1	2	0	0	
2	1	0	1	0	1	
0	0	2	2	1	0	
2	0	1	0	0	1	
0	1	1	0	2	1	
1	2	1	0	1	2	
2	2	0	0	0	1	
0	1	0	2	1	1	
2	2	0	0	0	1	
0	1	1	2	0	2	
0	2	1	0	1	2	
2	2	0	0	0	1	
2	2	1	1	0	2	
1	2	1	2	1	0	
1	2	1	1	1	1	
0	0	2	2	0	2	
0	1	2	0	1	0	
1	0	1	2	1	0	
2	2	1	2	1	2	
2	2	1	2	0	1	
1	0	0	1	2	0	
2	1	1	0	2	2	
0	0	1	2	1	2	
0	1	0	1	0	1	
2	2	0	0	1	0	
1	2	0	0	1	1	
1	0	1	2	2	0	
1	1	1	2	0	0	
2	1	0	0	0	1	
0	1	0	2	2	2	
0	2	1	1	1	0	
2	0	1	0	1	0	
1	0	2	2	0	2	
0	1	0	1	2	0	
1	2	1	2	2	0	
0	2	2	2	0	0	
0	0	1	1	2	2	
0	1	2	2	2	2	
0	0	2	1	1	1	
2	2	0	2	2	0	
1	0	1	0	0	2	
2	2	0	0	0	0	
0	2	1	0	1	2	
1	2	0	0	2	2	
1	1	1	0	1	2	
0	2	1	2	2	1	
0	0	0	1	0	0	
2	0	0	0	2	0	
2	2	1	1	1	0	
1	1	1	2	1	2	
2	2	1	0	1	1	
0	0	1	0	2	1	
1	0	1	0	1	2	
2	2	1	1	1	1	
1	0	0	1	2	0	
1	2	0	2	2	1	
1	0	2	2	1	0	
1	0	0	0	1	0	
1	2	0	2	1	0	
1	1	2	0	0	0	
2	1	2	0	0	2	
0	1	0	1	0	1	
2	1	0	1	2	1	
2	1	0	0	2	0	
1	1	0	2	1	1	
1	1	0	0	2	1	
2	2	0	2	2	2	
0	2	1	2	0	2	
2	1	2	1	0	1	
0	2	2	0	2	1	
1	2	2	0	2	2	
1	0	2	2	2	2	
2	2	2	2	0	2	
1	0	1	0	0	2	
0	1	1	1	0	2	
0	1	0	2	2	2	
1	1	0	1	2	0	
2	0	0	0	2	2	
0	0	2	2	2	0	
2	1	1	2	0	2	
2	0	1	0	1	0	
1	0	0	2	1	1	
0	0	1	0	2	2	
0	2	1	0	2	0	
2	2	2	2	2	2	
2	2	0	1	0	0	
1	0	0	0	0	0	
2	0	0	2	0	2	
0	2	0	0	0	0	
0	0	1	2	1	1	
0	0	0	1	2	2	
2	0	0	0	1	1	
2	1	1	2	2	0	
0	1	0	1	0	0	
0	2	2	2	0	1	
1	2	1	1	2	2	
2	1	0	2	1	1	
2	1	2	1	1	1	
2	2	2	1	2	1	
0	0	0	1	2	2	
0	1	2	2	1	1	
2	0	0	2	0	1	
0	1	2	2	1	0	
0	1	0	2	2	0	
2	2	2	1	1	2	
2	1	2	0	1	0	
2	0	1	2	2	2	
2	0	0	2	0	1	
1	0	2	2	2	1	
2	1	2	0	0	1	
1	0	2	0	2	0	
1	2	0	0	2	2	
1	1	2	2	0	1	
0	0	1	1	2	0	
1	1	0	0	0	0	
1	0	2	0	2	1	
0	2	1	1	1	0	
1	0	0	2	2	0	
1	0	2	1	2	2	
0	0	0	1	2	1	
0	0	0	2	2	0	
0	1	2	2	1	2	
1	0	1	0	2	2	
1	1	1	0	0	1	
1	0	2	1	1	2	
0	0	1	0	1	0	
2	0	1	1	2	2	
1	2	1	2	2	2	
0	0	2	1	2	2	
0	1	2	2	2	1	
0	1	2	1	0	2	
1	0	1	1	0	2	
0	2	1	0	2	1	
1	1	0	2	1	0	
2	2	0	0	0	2	
2	2	1	1	1	0	
0	2	2	1	1	2	
1	2	1	2	2	1	
1	2	1	0	0	2	
2	2	1	2	2	2	
2	0	0	2	0	1	
1	0	0	2	1	0	
0	1	0	0	2	0	
1	0	1	0	0	0	
0	1	0	1	0	1	
0	0	1	2	0	1	
0	0	2	2	0	1	
2	1	0	0	0	0	
0	2	1	1	1	2	
0	0	1	2	2	0	
2	0	2	1	0	1	
1	2	1	0	0	1	
0	2	2	0	0	1	
2	2	0	0	1	2	
0	0	1	2	1	0	
2	1	0	0	1	0	
0	2	2	0	0	1	
1	2	0	1	1	0	
1	0	0	0	0	1	
0	0	1	0	1	2	
2	0	0	0	2	2	
1	2	2	1	1	1	
2	2	0	1	0	1	
0	1	0	1	1	0	
2	0	1	0	0	2	
2	1	2	1	0	1	
0	0	2	0	1	0	
0	0	0	2	2	0	
2	1	1	1	2	1	
0	2	2	0	0	0	
0	1	2	2	2	2	
0	2	1	0	0	2	
1	0	0	2	2	2	
1	1	1	1	1	0	
1	1	1	1	1	2	
1	2	0	0	0	1	
1	0	2	2	1	1	
1	1	0	0	1	1	
0	0	2	1	0	1	
1	2	1	0	1	2	
2	2	0	1	2	1	
0	0	0	0	2	2	
2	2	0	0	0	2	
0	2	1	0	2	2	
0	2	1	2	2	0	
1	2	2	0	0	1	
0	2	1	0	0	1	
2	1	1	1	2	0	
2	2	1	1	1	0	
2	1	2	0	0	2	
2	2	2	2	1	1	
1	1	1	2	2	2	
2	1	2	0	0	2	
2	2	2	1	2	1	
0	2	2	0	1	0	
0	2	0	2	2	0	
2	0	2	1	2	2	
2	0	0	2	2	0	
0	0	0	1	1	1	
2	1	1	0	1	0	
2	1	1	0	0	1	
1	1	1	1	2	2	
1	1	2	0	1	1	
1	1	0	0	0	0	
0	1	2	0	1	2	
1	2	0	0	2	2	
0	0	2	1	2	0	
2	1	0	1	1	2	
1	0	1	0	2	2	
2	0	1	1	0	1	
2	0	0	2	0	2	
0	0	2	2	1	2	
2	2	1	1	0	2	
2	1	0	0	2	2	
1	0	1	1	0	2	
2	1	0	2	2	1	
0	0	0	0	1	0	
0	0	2	1	0	1	
0	0	1	0	0	1	
2	1	0	1	0	2	
1	1	2	0	1	2	
0	2	2	2	1	1	
2	1	1	0	2	1	
2	0	2	1	2	0	
0	0	0	0	2	2	
0	2	0	1	0	1	
2	0	1	0	0	2	
1	2	0	1	2	2	
0	1	2	1	0	1	
0	2	2	2	1	2	
2	1	2	1	1	0	
0	1	0	0	2	0	
2	0	1	1	1	1	
2	1	2	0	2	2	
1	1	1	2	0	2	
0	2	0	0	0	2	
2	0	0	2	1	0	
0	1	0	0	0	1	
0	0	1	0	2	2	
1	0	2	1	0	0	
2	0	0	1	2	0	
0	2	1	1	0	2	
0	1	1	1	1	2	
1	2	2	2	1	2	
5	
12671001	16939054	54087836	93378159	111114590	
1	2	0	1	2	
2	0	2	0	0	
0	2	0	2	0	
0	2	1	2	1	
0	0	2	1	1	
2	1	0	2	1	
1	2	2	0	0	
1	2	2	2	2	
1	0	0	2	1	
1	1	2	1	1	
0	0	0	1	2	
2	2	0	1	0	
2	1	1	0	0	
1	2	1	0	0	
0	2	1	1	0	
1	1	1	0	0	
1	1	2	0	1	
0	0	0	1	2	
1	0	1	1	2	
2	0	2	0	0	
2	2	2	1	2	
0	0	1	1	2	
1	0	1	1	0	
0	1	1	2	1	
0	2	1	0	2	
0	0	2	0	2	
1	2	0	1	2	
2	2	1	2	0	
1	2	1	2	0	
0	2	1	1	2	
2	1	0	2	1	
0	0	0	2	2	
0	0	1	0	1	
0	1	2	2	2	
1	1	2	0	2	
2	1	0	0	0	
0	1	0	0	1	
1	2	1	0	2	
0	2	0	2	2	
1	1	2	2	0	
2	1	1	0	1	
0	0	1	1	1	
0	0	0	1	0	
2	0	1	0	0	
1	0	2	2	0	
1	2	1	1	1	
1	1	2	1	1	
0	2	2	1	1	
1	0	0	1	1	
0	2	2	1	2	
1	2	0	2	1	
1	0	2	1	1	
0	2	1	2	0	
1	0	1	1	2	
0	2	2	2	1	
0	0	2	2	2	
0	1	2	2	2	
0	0	0	1	2	
2	1	2	1	1	
0	2	0	2	2	
2	1	2	1	1	
1	2	2	0	0	
1	0	0	0	1	
0	0	0	2	1	
2	0	0	0	2	
2	0	1	1	0	
1	2	2	1	1	
0	0	2	2	2	
2	2	1	1	1	
1	1	0	0	2	
0	0	0	2	0	
0	0	2	1	2	
1	0	1	2	2	
0	1	2	0	1	
1	0	1	0	2	
1	2	2	1	0	
0	1	0	0	2	
0	0	1	2	0	
1	0	0	0	0	
1	1	2	2	2	
2	1	1	0	2	
1	0	2	0	1	
2	0	2	1	1	
2	2	0	0	1	
1	2	2	0	2	
0	1	1	2	2	
0	1	2	1	2	
2	0	2	2	2	
0	1	2	2	2	
1	0	1	2	2	
1	1	2	2	1	
1	0	1	2	2	
1	1	2	2	0	
1	1	1	0	2	
2	0	0	0	2	
0	0	2	1	1	
1	2	2	0	1	
2	0	0	0	1	
0	1	1	0	2	
1	2	1	1	2	
2	1	0	1	0	
0	0	0	0	2	
1	1	2	2	1	
2	1	0	0	1	
2	1	1	2	2	
0	1	0	1	2	
0	0	1	1	0	
0	0	0	0	2	
0	0	1	1	1	
2	2	0	0	0	
0	2	0	2	0	
2	0	0	0	2	
2	2	2	0	1	
2	2	0	1	2	
1	1	2	2	1	
2	1	0	2	0	
1	0	1	2	2	
2	2	0	1	2	
1	0	2	1	0	
0	2	1	0	1	
2	1	2	2	2	
1	1	2	1	1	
2	2	2	2	0	
1	2	2	0	2	
0	0	2	2	0	
1	0	0	0	2	
0	0	0	1	2	
1	1	2	1	0	
2	2	2	2	1	
2	1	2	2	0	
1	2	0	0	0	
0	2	2	1	1	
0	2	1	0	2	
2	0	1	0	2	
1	0	2	2	2	
2	2	2	1	1	
0	2	1	0	2	
2	0	1	2	0	
1	2	1	1	2	
1	1	2	1	0	
1	1	1	2	1	
1	0	1	1	1	
1	2	0	0	1	
2	1	2	0	0	
0	2	2	1	1	
1	2	0	1	2	
1	1	2	2	2	
2	2	2	2	0	
2	2	2	1	2	
2	0	2	0	2	
0	2	0	0	1	
0	1	1	1	1	
1	0	1	1	1	
1	0	2	2	2	
1	2	1	0	1	
1	1	0	2	1	
0	1	1	1	1	
2	2	0	0	1	
2	0	0	0	0	
0	0	1	2	1	
2	1	0	1	2	
1	0	0	0	1	
2	0	0	2	2	
2	0	0	1	2	
0	1	1	0	0	
0	2	1	0	1	
0	1	2	0	2	
2	1	1	1	0	
2	1	2	2	0	
0	2	1	0	0	
2	0	0	0	1	
1	0	0	2	2	
0	2	1	2	2	
1	2	2	0	0	
1	1	2	0	0	
1	2	2	1	1	
0	2	1	1	2	
0	2	1	1	0	
2	1	1	0	2	
1	2	1	0	1	
2	0	1	0	0	
2	0	0	0	0	
0	0	0	0	2	
1	0	2	0	1	
2	1	0	0	1	
2	0	2	2	1	
1	2	2	2	0	
1	2	0	0	1	
0	0	1	1	0	
1	0	2	2	0	
1	0	2	2	0	
0	1	2	2	2	
1	2	0	1	1	
0	0	0	0	1	
2	0	1	0	0	
0	2	0	1	1	
0	1	1	0	1	
2	1	2	1	0	
0	0	0	1	2	
2	1	0	0	2	
2	2	1	2	2	
2	0	0	1	0	
2	0	0	0	2	
0	1	1	0	2	
0	2	0	2	2	
1	1	0	0	1	
2	1	1	0	0	
0	1	0	2	2	
1	2	2	1	1	
0	0	0	1	0	
0	1	2	1	0	
2	2	1	0	1	
2	1	1	1	2	
1	2	1	2	1	
0	0	1	0	0	
2	0	2	0	2	
1	1	2	0	2	
1	0	2	2	0	
1	2	0	1	1	
0	2	2	1	0	
2	1	1	1	0	
0	1	1	1	1	
2	2	0	0	1	
2	2	2	1	1	
0	1	1	1	1	
0	2	0	0	1	
1	0	0	2	1	
0	1	0	0	2	
1	2	0	2	0	
0	1	2	1	2	
1	2	1	0	1	
0	2	2	2	2	
2	1	2	2	0	
2	1	2	1	2	
0	2	2	2	1	
0	1	0	2	1	
0	1	2	1	1	
2	0	1	1	0	
2	1	2	0	2	
2	2	2	0	1	
2	2	0	1	1	
0	2	1	2	2	
0	0	1	0	1	
1	0	2	1	2	
2	2	2	2	0	
0	2	0	1	1	
2	1	1	1	1	
0	2	2	1	1	
0	0	1	1	2	
1	1	0	1	1	
0	1	1	1	1	
7	
16132814	80323888	8750424	11364450	23928715	116111795	9425531	
0	1	0	0	1	1	2	
1	0	2	1	0	0	1	
1	1	0	0	1	1	0	
0	1	2	0	2	2	0	
1	1	2	2	0	1	1	
0	2	2	1	0	2	1	
1	1	2	1	2	0	1	
2	1	0	1	2	1	0	
1	0	2	0	1	0	1	
1	1	1	2	1	0	0	
1	2	1	2	2	2	0	
1	1	2	2	2	0	1	
1	1	1	1	0	0	0	
2	2	2	2	0	1	1	
1	2	2	1	2	0	2	
2	1	0	1	2	0	2	
1	2	1	1	1	1	1	
1	1	0	1	0	0	2	
1	1	1	2	1	0	1	
0	0	1	1	0	1	0	
5	
76768019	14323818	55795695	81573302	24303876	
2	2	2	0	0	
1	1	1	1	2	
1	1	0	2	2	
2	0	0	0	2	
1	0	0	2	1	
0	2	1	0	2	
2	0	0	0	1	
2	2	2	0	0	
1	1	1	0	1	
2	0	0	2	0	
0	1	1	1	0	
0	1	1	0	0	
2	2	1	2	1	
2	2	1	2	2	
0	1	2	2	0	
2	0	0	1	2	
1	0	2	0	2	
1	1	1	1	1	
2	1	2	0	2	
2	2	1	2	1	
1	2	1	1	0	
2	0	2	1	0	
2	2	2	0	2	
1	0	2	2	2	
1	0	0	0	2	
1	0	1	0	2	
2	2	2	2	0	
2	0	1	1	2	
1	1	2	2	1	
0	0	2	1	0	
1	0	2	0	2	
0	0	1	2	1	
1	0	2	2	0	
1	1	1	1	0	
2	0	2	1	1	
2	2	2	0	2	
0	1	0	2	1	
1	0	0	0	1	
1	0	2	0	2	
1	0	0	0	1	
1	1	2	0	2	
2	0	0	2	0	
1	2	0	1	0	
0	0	2	2	0	
1	1	2	0	1	
2	1	2	1	1	
0	1	2	0	1	
2	1	2	0	0	
0	1	1	0	2	
2	0	1	1	2	
1	0	2	2	2	
2	2	0	1	1	
1	1	1	1	1	
1	1	2	1	1	
1	1	0	2	2	
0	1	2	1	0	
1	1	2	2	0	
0	0	2	2	2	
1	0	2	1	2	
2	0	2	0	2	
1	1	0	0	0	
2	0	0	1	1	
0	0	1	1	1	
1	0	1	2	1	
2	2	1	0	2	
2	0	2	2	0	
1	0	2	2	0	
0	0	1	0	2	
0	2	1	0	0	
2	1	0	1	2	
1	0	1	2	1	
2	2	2	1	1	
2	2	0	2	1	
1	0	0	0	0	
0	0	0	0	2	
2	2	2	0	0	
2	0	2	1	0	
2	1	2	1	2	
2	1	2	2	2	
2	1	2	0	2	
2	0	0	2	1	
1	2	0	1	2	
0	1	2	0	1	
1	2	0	0	0	
0	2	1	2	1	
2	0	2	2	1	
2	0	1	1	2	
1	1	1	1	1	
2	0	2	2	2	
1	1	1	1	0	
0	2	2	0	2	
0	1	1	1	1	
0	0	0	2	1	
1	0	1	2	0	
0	2	0	0	2	
0	0	2	1	1	
2	2	0	1	1	
2	0	2	0	2	
1	0	2	1	2	
2	2	2	2	1	
2	1	0	1	2	
1	1	2	1	2	
2	1	1	0	1	
0	0	1	1	1	
2	0	0	0	1	
1	2	0	0	1	
2	2	1	0	0	
2	1	0	2	2	
2	0	1	2	0	
2	2	1	0	2	
1	1	0	1	2	
1	0	2	2	2	
0	2	2	2	0	
1	2	0	0	0	
0	2	0	2	1	
1	2	0	1	1	
2	1	2	2	0	
2	1	0	2	2	
2	1	1	0	2	
1	0	2	2	2	
2	2	1	1	2	
0	1	1	1	0	
2	1	0	2	2	
0	1	2	2	1	
1	2	1	1	1	
1	0	2	0	1	
1	2	1	2	0	
1	2	2	2	0	
2	2	1	2	1	
1	1	2	1	0	
1	0	2	0	0	
0	0	1	0	0	
2	0	1	2	1	
1	1	2	2	2	
1	2	2	0	2	
2	1	2	2	2	
2	2	0	2	1	
0	0	0	2	2	
2	1	0	0	1	
2	1	2	0	2	
1	0	1	1	0	
2	2	2	1	2	
2	0	1	0	0	
2	0	2	1	1	
1	1	0	2	1	
1	1	2	2	1	
1	1	2	0	0	
1	2	0	1	1	
0	2	0	2	0	
2	2	0	2	0	
0	1	2	2	0	
0	0	1	0	2	
0	0	1	2	1	
1	1	2	0	2	
0	2	1	1	1	
1	2	1	2	0	
1	2	2	2	1	
0	1	1	2	0	
0	2	1	1	2	
0	2	2	0	2	
2	1	1	0	2	
1	0	2	0	1	
2	2	2	1	1	
1	2	2	0	1	
1	1	2	2	0	
0	2	2	0	0	
2	2	2	1	0	
1	1	0	0	2	
2	1	2	2	0	
2	2	2	0	1	
1	2	2	1	0	
0	0	2	1	1	
2	1	1	2	2	
0	2	2	2	2	
2	0	0	2	0	
1	2	1	2	2	
1	2	1	0	1	
1	0	2	2	1	
1	1	0	2	2	
2	1	0	2	1	
2	0	1	2	2	
2	2	1	1	2	
1	2	1	0	1	
1	0	1	1	0	
1	1	1	1	0	
0	2	1	0	1	
1	2	0	1	0	
2	0	1	1	2	
2	2	1	0	0	
1	0	0	1	2	
2	2	0	1	1	
1	1	1	1	1	
1	0	1	1	0	
1	2	2	0	2	
0	0	2	1	2	
0	1	0	2	2	
2	1	1	1	0	
2	2	1	2	2	
1	0	2	2	0	
0	0	2	2	1	
2	2	1	0	1	
0	1	0	2	1	
2	0	1	1	0	
1	2	1	2	0	
2	1	0	1	1	
1	2	0	0	0	
0	0	0	0	1	
1	2	0	2	1	
0	0	1	2	0	
2	1	1	2	1	
0	1	1	1	1	
1	1	1	2	1	
2	0	1	0	1	
0	2	0	2	0	
2	1	1	2	1	
2	1	2	0	1	
0	2	0	2	2	
0	1	0	2	2	
2	0	1	2	1	
1	2	0	0	1	
0	1	0	2	1	
0	0	0	2	0	
0	1	1	2	1	
2	1	0	0	2	
1	0	0	0	2	
1	2	2	1	0	
1	0	2	0	0	
0	2	1	0	2	
1	1	0	0	0	
5	
94528647	54633297	124986950	90662826	110937906	
0	1	1	1	0	
2	2	1	2	0	
2	1	2	0	0	
2	1	1	1	0	
1	0	0	2	2	
1	2	1	1	1	
1	0	0	0	0	
0	0	0	2	1	
0	0	1	1	0	
1	0	1	0	1	
2	1	1	0	1	
1	0	1	2	1	
2	0	1	1	1	
2	1	1	1	0	
0	2	0	1	0	
1	1	0	0	2	
2	2	0	2	1	
0	0	1	0	0	
0	2	0	0	2	
2	0	1	1	1	
2	2	2	2	1	
2	1	2	2	0	
1	0	0	0	0	
0	0	0	0	2	
2	1	2	1	1	
1	0	1	2	1	
0	2	1	1	0	
0	0	1	2	2	
2	1	0	0	1	
1	1	0	2	0	
2	1	1	0	0	
1	2	2	1	1	
1	2	0	0	0	
2	2	1	0	2	
2	1	2	1	1	
0	1	2	2	2	
2	1	0	0	2	
1	1	2	0	1	
0	1	1	1	2	
0	1	0	2	1	
2	2	1	2	0	
0	0	1	0	0	
2	0	0	2	2	
0	2	0	1	1	
2	0	2	1	0	
2	2	2	2	2	
0	2	0	2	2	
0	2	2	2	0	
1	0	2	2	0	
0	2	2	2	1	
0	1	1	1	0	
0	2	1	2	0	
2	2	0	2	2	
0	0	0	1	0	
2	1	0	1	2	
0	0	2	2	1	
1	1	0	1	1	
0	1	0	1	2	
2	1	0	2	2	
2	0	0	2	0	
2	1	0	1	0	
0	0	0	0	2	
0	0	1	0	0	
1	0	1	1	1	
0	0	2	2	0	
1	0	0	0	2	
0	2	1	2	0	
0	2	1	0	1	
2	0	1	1	0	
1	0	1	1	2	
0	1	0	2	2	
2	2	0	2	0	
0	1	1	2	1	
1	1	1	2	1	
2	1	1	0	1	
0	0	2	0	1	
1	2	1	1	1	
1	1	2	1	0	
1	2	1	1	0	
2	1	1	2	1	
0	1	2	2	0	
1	0	1	0	1	
0	2	2	1	2	
2	2	0	0	0	
1	1	2	2	2	
2	2	2	0	0	
1	2	0	2	2	
2	1	2	1	1	
0	0	2	0	0	
0	1	1	2	1	
1	1	1	0	1	
2	0	1	0	1	
2	1	0	1	0	
0	0	1	1	0	
0	0	0	2	0	
2	0	0	0	1	
2	1	2	2	0	
2	1	0	2	0	
2	1	2	0	1	
0	1	2	0	1	
0	2	1	1	2	
2	2	2	0	1	
1	1	1	0	0	
2	2	1	2	1	
0	0	0	0	0	
0	2	0	2	1	
1	1	0	0	1	
1	1	2	1	0	
0	0	1	2	0	
1	2	2	2	1	
0	1	2	1	0	
0	2	1	0	1	
1	2	0	2	0	
1	0	1	2	1	
1	2	1	2	2	
2	0	0	2	1	
2	2	1	0	0	
2	2	1	2	0	
0	2	0	1	1	
1	2	1	2	0	
0	1	0	0	2	
1	0	2	0	0	
0	2	2	0	0	
2	1	2	2	2	
0	2	2	1	2	
2	0	0	1	1	
2	1	0	1	0	
2	1	1	0	0	
1	2	1	0	1	
1	0	0	1	1	
2	1	1	2	2	
2	2	0	1	2	
2	0	2	1	2	
2	2	0	1	0	
1	2	2	1	0	
2	0	1	0	0	
0	0	2	0	1	
2	1	0	1	0	
1	1	1	2	0	
1	2	0	0	2	
2	0	1	0	2	
0	2	1	2	0	
0	0	2	1	2	
1	1	2	1	0	
2	2	0	2	0	
1	2	1	0	2	
2	1	1	1	2	
0	1	1	0	2	
1	2	1	1	1	
0	1	1	1	0	
0	1	2	1	2	
0	1	0	1	1	
1	2	0	0	0	
2	0	2	0	0	
2	2	1	2	1	
2	1	2	0	1	
0	1	0	0	2	
2	2	2	2	0	
2	1	2	2	2	
1	2	1	1	2	
0	2	2	2	0	
0	0	1	0	1	
0	0	1	1	2	
1	2	1	0	2	
2	1	1	1	2	
0	0	0	2	2	
1	2	1	0	0	
0	0	0	1	0	
2	1	2	1	2	
0	1	2	1	1	
2	0	0	0	1	
1	2	1	2	0	
0	0	0	2	2	
2	2	2	2	1	
1	0	1	0	2	
1	2	2	2	2	
1	0	2	0	2	
1	2	1	0	2	
0	1	1	2	2	
2	0	0	2	0	
0	0	2	1	1	
1	2	0	0	0	
0	1	2	2	2	
2	1	1	2	1	
2	1	2	1	1	
1	1	1	1	2	
0	0	0	1	0	
0	1	0	1	1	
0	2	2	2	0	
2	1	2	2	1	
2	0	2	2	2	
1	0	0	0	0	
0	2	1	1	1	
0	1	1	0	2	
2	0	2	1	2	
0	2	0	2	1	
0	0	1	0	1	
2	2	2	1	2	
1	2	0	1	0	
2	0	2	0	2	
2	0	1	2	2	
1	2	2	2	2	
2	0	2	1	0	
2	1	2	2	2	
2	1	0	1	1	
0	1	0	0	2	
1	1	1	2	2	
0	0	0	1	0	
0	2	2	0	2	
0	0	0	2	0	
2	1	1	2	2	
0	2	2	0	2	
1	0	1	1	0	
1	1	1	1	2	
1	1	2	1	0	
2	1	0	1	2	
1	0	0	2	2	
1	2	2	2	2	
0	2	1	2	1	
2	1	2	2	0	
2	2	0	2	2	
1	2	0	2	0	
1	0	0	0	1	
0	2	2	2	2	
0	1	2	2	1	
0	2	0	1	0	
1	0	2	2	1	
0	2	1	0	2	
1	1	2	2	1	
2	
42872133	75778684	
1	2	
1	2	
1	0	
1	2	
2	2	
0	1	
1	0	
1	2	
1	0	
2	2	
0	0	
2	1	
0	0	
2	1	
0	0	
1	1	
1	2	
1	2	
2	2	
0	1	
2	
132370486	61655511	
0	1	
1	2	
0	1	
0	1	
1	1	
1	1	
2	0	
0	2	
0	2	
1	1	
1	2	
0	0	
2	0	
0	0	
1	1	
1	1	
2	0	
0	0	
0	2	
1	0	
1	1	
2	1	
0	1	
0	0	
0	2	
0	2	
2	1	
1	0	
2	2	
1	2	
1	2	
2	1	
2	2	
1	0	
2	2	
0	0	
1	0	
0	2	
1	0	
0	0	
0	1	
0	2	
2	0	
0	0	
0	2	
2	0	
1	0	
2	1	
0	1	
0	0	
2	0	
2	0	
0	0	
2	0	
2	1	
2	0	
1	1	
0	0	
0	1	
0	1	
1	1	
2	1	
0	0	
1	1	
2	0	
2	0	
0	1	
1	0	
0	1	
2	1	
0	1	
2	0	
1	0	
0	2	
1	2	
2	2	
2	1	
1	1	
0	2	
1	0	
2	1	
1	2	
2	1	
2	0	
1	2	
1	1	
1	0	
0	0	
1	0	
2	2	
1	0	
0	2	
0	0	
1	1	
1	1	
0	1	
1	1	
0	0	
0	1	
1	1	
1	0	
0	1	
2	2	
2	0	
2	2	
1	1	
2	0	
0	1	
1	0	
1	0	
0	0	
0	2	
2	0	
2	2	
2	1	
2	2	
2	0	
1	1	
2	1	
0	2	
2	1	
2	1	
2	0	
2	0	
2	0	
0	1	
0	0	
2	0	
0	1	
1	2	
2	2	
0	1	
1	0	
1	0	
1	2	
1	0	
1	0	
2	1	
1	2	
0	2	
2	2	
2	0	
0	1	
2	1	
2	0	
1	1	
2	0	
1	0	
0	2	
0	0	
1	1	
2	2	
0	1	
0	1	
0	0	
0	0	
2	0	
1	1	
0	2	
2	2	
2	1	
1	2	
0	0	
2	0	
2	0	
1	2	
2	2	
1	1	
0	1	
2	1	
1	1	
1	2	
1	1	
1	2	
1	1	
0	2	
0	1	
0	1	
1	2	
2	1	
0	2	
0	2	
2	1	
2	1	
1	0	
2	2	
1	2	
1	0	
0	1	
1	1	
0	2	
2	1	
2	0	
2	1	
1	0	
1	1	
0	1	
0	2	
2	2	
0	1	
0	0	
0	2	
2	1	
0	1	
1	1	
0	0	
1	0	
0	0	
0	2	
2	1	
1	0	
2	0	
0	1	
2	2	
0	0	
1	1	
0	2	
2	1	
2	2	
2	1	
1	0	
1	0	
2	0	
2	1	
2	1	
2	2	
0	2	
1	2	
1	0	
2	1	
1	2	
1	1	
2	2	
2	1	
2	2	
1	0	
0	2	
2	0	
0	2	
0	2	
2	2	
1	1	
2	1	
1	0	
0	2	
0	2	
0	1	
2	0	
2	0	
0	0	
1	1	
4	
111188709	28602171	39297668	59703261	
0	1	0	1	
1	0	0	2	
2	2	0	2	
2	2	2	0	
0	2	1	0	
1	0	1	0	
2	0	1	2	
2	0	0	1	
0	0	1	0	
1	0	2	1	
1	0	1	2	
2	0	2	2	
0	2	2	2	
2	1	1	1	
1	2	1	2	
1	2	1	2	
0	0	0	2	
2	2	1	1	
2	1	2	0	
2	0	2	1	
1	1	2	0	
1	1	2	0	
1	2	1	2	
2	1	2	0	
1	0	2	0	
1	0	0	1	
0	0	2	0	
2	2	1	2	
0	2	2	1	
2	1	0	0	
2	1	0	2	
0	0	1	1	
1	1	0	0	
1	1	0	0	
0	1	0	2	
2	1	1	2	
2	0	2	2	
2	0	2	1	
2	1	1	2	
0	1	2	2	
1	1	1	0	
0	0	2	2	
2	0	2	0	
2	2	1	0	
2	1	2	2	
0	2	2	0	
0	1	2	0	
2	0	2	2	
0	1	0	0	
2	1	2	0	
0	2	1	1	
1	1	2	2	
1	2	1	2	
2	0	0	0	
1	1	0	2	
0	2	0	0	
1	2	1	0	
0	2	1	1	
2	2	0	1	
2	0	1	0	
2	2	0	2	
0	0	1	1	
2	1	0	2	
2	0	2	2	
0	1	1	1	
1	0	0	1	
0	1	2	0	
1	0	2	0	
1	0	1	2	
2	1	2	0	
0	1	2	0	
0	1	1	1	
2	0	2	0	
2	2	2	1	
2	2	0	1	
2	0	1	0	
1	1	2	2	
2	2	2	1	
2	2	0	2	
1	0	1	1	
1	2	0	0	
1	2	0	2	
1	0	1	2	
2	0	2	2	
1	1	0	0	
2	1	0	0	
2	0	1	0	
0	1	0	1	
0	2	1	1	
0	0	1	2	
2	0	0	2	
2	1	1	2	
1	2	1	1	
2	0	2	1	
0	0	1	0	
1	2	1	0	
1	2	2	2	
1	2	1	1	
0	2	0	1	
2	2	1	1	
1	0	2	2	
0	1	0	2	
0	0	1	0	
2	0	2	0	
0	2	1	1	
1	2	1	2	
0	0	0	0	
2	0	0	0	
1	1	0	1	
2	1	0	0	
2	0	0	2	
2	0	2	2	
2	0	2	0	
0	2	1	2	
2	0	0	0	
2	1	2	2	
2	1	2	0	
1	0	2	1	
0	2	2	0	
2	1	2	0	
1	2	1	2	
1	1	0	2	
1	0	1	1	
2	2	0	1	
1	2	0	1	
0	2	0	1	
2	2	0	2	
2	2	2	1	
1	0	2	0	
0	2	1	1	
1	2	2	1	
1	0	1	2	
0	1	2	0	
0	0	0	0	
2	0	1	0	
1	0	1	2	
0	0	0	2	
2	1	0	2	
1	2	1	2	
2	1	0	2	
2	1	0	1	
1	1	0	2	
0	2	2	1	
0	1	1	1	
0	0	2	1	
1	2	1	0	
1	0	2	1	
1	0	0	1	
1	0	2	2	
0	1	0	1	
0	0	1	2	
2	2	2	0	
1	2	1	0	
2	2	0	0	
0	0	2	1	
0	1	2	2	
1	1	0	1	
2	2	2	1	
0	1	0	0	
0	1	0	2	
1	0	0	0	
1	1	2	1	
0	2	1	1	
1	1	0	2	
2	1	2	0	
0	2	2	0	
0	2	0	2	
1	1	0	0	
1	0	1	0	
2	2	0	2	
0	0	1	0	
1	1	0	1	
1	2	2	1	
1	0	2	0	
2	1	0	1	
1	2	1	1	
1	2	1	2	
0	0	2	2	
1	1	0	1	
2	1	2	0	
1	1	0	2	
2	1	1	1	
2	2	2	1	
0	1	1	1	
2	1	0	2	
1	1	0	2	
2	2	0	1	
1	1	2	2	
2	0	1	0	
0	0	1	1	
2	1	0	1	
2	2	2	2	
0	1	0	1	
0	2	1	2	
1	2	0	2	
1	0	2	1	
1	0	2	0	
2	2	1	0	
0	2	1	2	
2	2	2	1	
2	2	2	0	
0	2	0	2	
2	1	2	0	
1	1	1	0	
1	1	2	0	
2	2	0	1	
0	1	2	2	
0	1	1	1	
1	2	1	0	
1	2	1	0	
2	0	1	2	
1	2	2	1	
2	0	1	1	
2	1	0	2	
1	2	2	0	
1	1	2	2	
0	0	0	2	
1	1	2	2	
2	2	2	2	
2	0	2	1	
0	0	2	1	
2	0	1	0	
1	2	1	2	
2	0	2	0	
2	0	0	1	
1	1	0	2	
1	1	1	0	
0	2	0	1	
0	0	2	1	
0	1	2	0	
2	1	0	1	
0	1	0	1	
1	2	1	0	
0	0	0	0	
0	0	2	0	
0	0	0	2	
2	0	0	0	
2	1	0	0	
2	1	0	2	
2	0	2	0	
0	2	1	0	
2	1	1	0	
0	1	0	2	
1	1	1	1	
2	0	2	0	
1	0	1	2	
0	1	2	1	
1	0	0	1	
1	2	2	0	
1	2	0	0	
2	1	2	0	
6	
24008249	14191508	22029760	46586078	102183561	71569142	
0	1	0	2	2	2	
2	1	0	2	2	0	
1	0	1	2	0	1	
1	0	1	2	0	2	
1	0	1	0	1	1	
0	1	2	0	1	1	
0	2	2	2	2	2	
0	0	1	1	1	1	
2	2	0	1	1	0	
2	2	2	2	2	1	
0	0	0	1	2	0	
1	1	1	2	0	2	
1	0	2	1	0	2	
1	2	0	1	2	1	
1	1	2	0	2	2	
2	2	0	0	1	1	
0	2	0	2	0	2	
2	0	1	1	0	1	
0	2	2	2	1	1	
1	0	2	0	1	0	
