2	
8.0	1	
./dynamiccloudsim/config/dax/Inspiral_30.xml
9.0	2	
./dynamiccloudsim/config/dax/CyberShake_50.xml
./dynamiccloudsim/config/dax/Inspiral_30.xml
10	10	
0.0	0.1901608	0.32398674	3.4028235E38	3.4028235E38	3.4028235E38	3.4028235E38	3.4028235E38	3.4028235E38	3.4028235E38	
3.4028235E38	0.0	0.13409111	3.4028235E38	3.4028235E38	3.4028235E38	3.4028235E38	3.4028235E38	3.4028235E38	3.4028235E38	
3.4028235E38	3.4028235E38	0.0	3.4028235E38	3.4028235E38	3.4028235E38	3.4028235E38	3.4028235E38	3.4028235E38	3.4028235E38	
0.068766	0.2589268	0.26037237	0.0	3.4028235E38	3.4028235E38	3.4028235E38	3.4028235E38	3.4028235E38	3.4028235E38	
0.31234142	0.5025022	0.12701742	3.4028235E38	0.0	3.4028235E38	3.4028235E38	3.4028235E38	3.4028235E38	3.4028235E38	
0.20632496	0.39648575	0.4000318	0.13965942	3.4028235E38	0.0	3.4028235E38	3.4028235E38	3.4028235E38	3.4028235E38	
0.20740071	0.3975615	0.399393	0.13902062	3.4028235E38	3.4028235E38	0.0	3.4028235E38	3.4028235E38	3.4028235E38	
0.45979035	0.01491744	0.14900854	3.4028235E38	0.14744891	3.4028235E38	3.4028235E38	0.0	3.4028235E38	3.4028235E38	
0.16890337	0.35906416	0.16266167	3.4028235E38	3.4028235E38	3.4028235E38	3.4028235E38	3.4028235E38	0.0	3.4028235E38	
0.16988862	0.36004943	0.30459136	3.4028235E38	0.17757393	3.4028235E38	3.4028235E38	3.4028235E38	3.4028235E38	0.0	
10	3	
0	942	0	
548	0	0	
0	0	162	
0	0	336	
0	417	0	
439	0	0	
0	614	0	
0	160	0	
106	0	0	
0	100	0	
10	
154	58	100	32	84	38	102	44	6	44	
0.3693488861457318	0.4441126901469031	0.4359450628938145	0.562537865831105	0.5161256852477261	0.44143907143969735	0.3774346184919316	0.5062330845177768	0.4149090024307959	0.5323559530236941	
0.19916613813683987	0.21767763586483277	0.22656474233960708	0.2595324012132789	0.25926959697795937	0.298868444708124	0.1610770317282079	0.24632871402123138	0.22567916597024637	0.2812388641305208	
0.2438705020654138	0.37859681744425366	0.33467176730253434	0.3394463531188911	0.28862983276570037	0.3547632673523132	0.24400252621508778	0.3844175457549862	0.30300457286081284	0.34784413065825914	
0.05901423713079403	0.08548075070886466	0.08280215389674868	0.06624614259213342	0.06515383147180057	0.08853689352851092	0.056513994920696455	0.062141133048307956	0.08190794721147861	0.0846377431754394	
0.5787935590597972	0.8119376787874512	0.8477346525877141	0.6763320064689408	0.8004931829006021	0.6680931008597794	0.5181931344641405	0.8626551719878642	0.8834188265794607	0.8190375766766189	
0.05223883246680627	0.07167943517614933	0.05696799670160514	0.07152058992144747	0.06966415417258565	0.05317730862348683	0.04981294499466417	0.063089710634949	0.06225279296328756	0.06190678403178838	
0.5660600197855612	0.6206686743761526	0.6637556146872515	0.6041977217073976	0.6278417982580925	0.6272431114590347	0.5834600236511145	0.61224826696469	0.6698276191005346	0.6838693093003871	
0.0501476044273377	0.07909146339203325	0.07121634467782267	0.0771730178499302	0.08071444429656044	0.06714435340545966	0.04760662739083321	0.06060926297008291	0.08879723963139595	0.07934281133991927	
0.6512470043700123	0.7917127422330545	0.7792165182116658	0.7365341910821908	0.7503051709575901	0.7712558141474009	0.6678214060877263	0.7205686592484268	0.7261819914344768	0.792539219363448	
0.03348488440666762	0.0650685071503326	0.06791017902947448	0.046989405822976886	0.04438240175391778	0.057616111898262906	0.0345192068946893	0.043029263472691294	0.0553387200560307	0.056535097236216074	
0.008834120604292079	0.009602594227072749	0.009691701367014484	0.009358156420117019	0.011287746549141045	0.010108637607510655	0.00857824174269544	0.010482503369447898	0.009959728628647803	0.010336911071241132	
0.023977800860823476	0.04014754215031198	0.05140593997656576	0.03789227691288628	0.04377813068940058	0.030245634649160903	0.014080670770334789	0.05144386686763357	0.05552820055927908	0.057538954014218484	
0.018838851895400265	0.023657862998286303	0.021851637097078738	0.021400210085310425	0.022998110856302493	0.024117937034006907	0.017034736154466854	0.020915935674467017	0.02063297554514921	0.021691278628215755	
0.44197534669962113	0.2281332218305663	0.22885881563801735	0.19197721302148157	0.119776235280408	0.1664317861729719	0.44925347696890083	0.16367580973840573	0.15839744568868325	0.2997171809092618	
0.004042901666072528	0.008797412430989303	0.009635500187187772	0.009982672366672246	0.008930935673590443	0.008802450865067833	0.005199363214414273	0.009787434100529497	0.0090303240385568	0.009517447008412803	
10.185078540423339	17.84212555833103	19.261880510138592	13.750787460430844	14.540681593072113	19.79601642887895	10.70298859612036	13.947633400405424	18.26896874026901	13.218217755514043	
1.4866473648647902E-4	2.241745058099655E-4	3.394300753940293E-4	3.343906010829022E-4	3.781488083335238E-4	3.318240576272288E-4	1.034111105488662E-4	3.76494161615046E-4	2.0895755450642286E-4	2.136511254844077E-4	
1.145898969220314E8	9.285705394885375E7	2.041609553780417E7	5.105513874920123E7	6.202012135571562E7	6.800328741195647E7	6.993334285645615E7	2.6899026129588667E7	1.7803865264482882E7	1.6746809660964055E7	
1.1121792489916408E8	7.105362943229234E7	2.3412603538159125E7	4.693929367830301E7	6.860605219065206E7	7.427258587420365E7	7.149605397398989E7	2.5237584690495763E7	1.7578070079685733E7	1.6189170972777497E7	
942	548	162	336	417	439	614	160	106	100	
