10	10	
0.0	0.21619998	0.10616565	3.4028235E38	3.4028235E38	3.4028235E38	3.4028235E38	3.4028235E38	3.4028235E38	3.4028235E38	
3.4028235E38	0.0	0.23134059	3.4028235E38	3.4028235E38	3.4028235E38	3.4028235E38	3.4028235E38	3.4028235E38	3.4028235E38	
3.4028235E38	3.4028235E38	0.0	3.4028235E38	3.4028235E38	3.4028235E38	3.4028235E38	3.4028235E38	3.4028235E38	3.4028235E38	
0.21630287	0.11943272	0.32246852	0.0	3.4028235E38	3.4028235E38	3.4028235E38	3.4028235E38	3.4028235E38	3.4028235E38	
0.17008498	0.16946733	0.27625063	0.050034612	0.0	3.4028235E38	3.4028235E38	3.4028235E38	3.4028235E38	3.4028235E38	
0.22684811	0.4430481	0.3130886	3.4028235E38	3.4028235E38	0.0	3.4028235E38	3.4028235E38	3.4028235E38	3.4028235E38	
0.26256388	0.47876388	0.31370988	3.4028235E38	3.4028235E38	3.4028235E38	0.0	3.4028235E38	3.4028235E38	3.4028235E38	
0.14009692	0.3562969	0.24626257	3.4028235E38	3.4028235E38	3.4028235E38	0.15212864	0.0	3.4028235E38	3.4028235E38	
0.21630287	0.43250287	0.3147898	3.4028235E38	3.4028235E38	3.4028235E38	3.4028235E38	3.4028235E38	0.0	3.4028235E38	
0.34381694	0.56001693	0.120314494	3.4028235E38	3.4028235E38	3.4028235E38	0.35584867	0.20372002	3.4028235E38	0.0	
10	3	
0	0	0	
0	0	0	
0	0	0	
0	0	0	
0	0	0	
0	0	0	
0	0	0	
0	0	0	
0	0	0	
0	0	0	
10	
16	6	12	6	4	4	6	6	4	4	
0.33039411713141464	0.4736015490811528	0.36587244557551607	0.4821085989515066	0.44791731690927267	0.5564181617980918	0.5716409287112365	0.4917579252609365	0.5479845387530511	0.4392331660030206	
0.18472551614810173	0.21447578090279482	0.17149483099175056	0.28922170430705185	0.22898575160032836	0.24578897207664197	0.2278541069468172	0.29320190658073336	0.21762989052815934	0.23068976717920395	
0.2272328188479658	0.2508475482093175	0.24778975498627387	0.315241211427667	0.2683342136423088	0.27964379173175224	0.30693971460985114	0.2695150567263892	0.26645577145354593	0.27929446803556995	
0.05649519884511404	0.06977537265139563	0.0585167313203748	0.08255849481292388	0.08116977963374457	0.0612527534074033	0.07962365232256921	0.06044320721918246	0.07912212048593166	0.08795014783046427	
0.5181291043398342	0.7436467677660121	0.5605322827523742	0.6772345224550946	0.6325253241748524	0.65997266256605	0.82685898255844	0.7495808992110723	0.8908378089680616	0.6255098294120081	
0.04834266228209954	0.07008679302457578	0.04156376376367325	0.07234459159849213	0.07211133002203562	0.05376649437041685	0.05704315305840802	0.06798912629384703	0.0673785448637943	0.05583468390148746	
0.5075003178828275	0.6944089187444519	0.572733718699779	0.6093502814364337	0.6612256650410525	0.6586878520859554	0.6798853795348451	0.6212645695143301	0.6888557836173677	0.6594537967667201	
0.04713216379054483	0.08862425937599007	0.048353290399487936	0.07947547775457608	0.06488741200608045	0.07232857337073298	0.06151278112803854	0.06981655826399293	0.06151974906704757	0.08187381054953176	
0.6249756346980069	0.7963943454924743	0.6221503566680087	0.7750604277652373	0.7751860919883211	0.7565284561353605	0.7528463760624997	0.7974776245520626	0.7179356205911924	0.7094044699423805	
0.03211143182876449	0.04067083338665669	0.03034354212194465	0.04078993922828356	0.05732208310541381	0.04673382718368586	0.06888693001460547	0.05425132890117889	0.04456629965796765	0.07801465305348199	
0.007930291514074492	0.010885362713188006	0.007779042663252561	0.011180174026813552	0.009082757410635085	0.011693957789127667	0.00907112803987431	0.010781764606626665	0.01044575269240116	0.01047529631429306	
0.027482615045417075	0.04382067164228429	0.02939220901765447	0.03761454660002486	0.048473170882011966	0.03321483662781628	0.04102367764706778	0.05428600020631692	0.03421106598964501	0.03919798213233036	
0.01606047543610441	0.020045692699472716	0.01604625149796748	0.020031180624009808	0.020735133982294957	0.020446953415458033	0.02049851963347313	0.023104682853102066	0.023414054576986497	0.021429552937507274	
0.33909121445979173	0.1380769350725313	0.43564985673297174	0.28451800875542554	0.18936735997331733	0.2862243585721811	0.20899400678676666	0.17395947175353915	0.2067528675859831	0.18077486794680972	
0.0021290330589838237	0.010756464501358502	0.00283744473576632	0.009710248503141363	0.008426891354600199	0.009241884922479187	0.008016360710353903	0.008935159139835985	0.0080199560645423	0.009763685083734402	
11.483270657909236	14.612740036978158	12.055676634248723	13.804191796334033	15.272904811198293	15.49933286503996	19.150007267841335	19.707268651285304	15.614680166381042	14.751043427446952	
1.9160690801581316E-4	2.711671773395574E-4	1.5118168368328378E-4	3.2723583457318117E-4	3.4752608068378964E-4	2.101405351783305E-4	3.2912409540568723E-4	2.761904099106656E-4	3.7672611055685336E-4	2.0489566873891282E-4	
1.8255225066611058E8	7.711383252323315E7	6.379336941533624E7	3.2297219039879933E7	2.3127376974418417E7	3.6845733631268926E7	4.7970792197800905E7	8.967652265607879E7	1.3769903078736596E7	4.713832949407646E7	
1.762356377579598E8	8.24293051847323E7	6.4579091261901945E7	3.480214177328626E7	2.7400239234448235E7	4.3020155242206514E7	4.7230107371732794E7	8.77270387325591E7	1.6723177610698175E7	4.105666730156343E7	
1486	549	539	231	160	259	361	516	106	304	
36.57949715791199	64.76993169263226	45.228942608648836	65.14311932144768	66.07025915078279	62.29798120160312	54.8660944732376	77.40808044880208	67.1917682497458	51.569929954876685	
5.250846719941007	8.890855860953268	6.221927460860792	8.265741079873417	9.89236601223379	9.72106156372294	8.246241110988782	8.664964125978042	8.340455943569566	8.085018432748713	
